CIDErTest5: 0.695748
Bleu_4Test5: 0.222249
Bleu_3Test5: 0.322125
Bleu_2Test5: 0.465916
Bleu_1Test5: 0.649373
ROUGE_LTest5: 0.478514
METEORTest5: 0.216235
CIDErTest40: 0.722890
Bleu_4Test40: 0.450259
Bleu_3Test40: 0.575320
Bleu_2Test40: 0.710230
Bleu_1Test40: 0.832840
ROUGE_LTest40: 0.608300
METEORTest40: 0.287580