CIDErTest5: 0.772517
Bleu_4Test5: 0.242659
Bleu_3Test5: 0.344262
Bleu_2Test5: 0.486558
Bleu_1Test5: 0.668172
ROUGE_LTest5: 0.494065
METEORTest5: 0.228104
CIDErTest40: 0.798195
Bleu_4Test40: 0.480475
Bleu_3Test40: 0.601661
Bleu_2Test40: 0.729666
Bleu_1Test40: 0.848155
ROUGE_LTest40: 0.627399
METEORTest40: 0.303667