CIDErTest5: 0.750898
Bleu_4Test5: 0.235254
Bleu_3Test5: 0.336029
Bleu_2Test5: 0.480197
Bleu_1Test5: 0.662702
ROUGE_LTest5: 0.486693
METEORTest5: 0.225715
CIDErTest40: 0.781747
Bleu_4Test40: 0.471678
Bleu_3Test40: 0.594096
Bleu_2Test40: 0.726698
Bleu_1Test40: 0.846739
ROUGE_LTest40: 0.620651
METEORTest40: 0.300958