CIDErTest5: 0.749605
Bleu_4Test5: 0.237044
Bleu_3Test5: 0.338561
Bleu_2Test5: 0.483825
Bleu_1Test5: 0.666770
ROUGE_LTest5: 0.487523
METEORTest5: 0.223576
CIDErTest40: 0.776936
Bleu_4Test40: 0.475342
Bleu_3Test40: 0.595477
Bleu_2Test40: 0.725489
Bleu_1Test40: 0.846713
ROUGE_LTest40: 0.621108
METEORTest40: 0.297980