CIDErTest5: 0.749187
Bleu_4Test5: 0.234776
Bleu_3Test5: 0.334537
Bleu_2Test5: 0.476868
Bleu_1Test5: 0.658188
ROUGE_LTest5: 0.486371
METEORTest5: 0.226711
CIDErTest40: 0.775378
Bleu_4Test40: 0.465324
Bleu_3Test40: 0.586857
Bleu_2Test40: 0.718184
Bleu_1Test40: 0.840779
ROUGE_LTest40: 0.618157
METEORTest40: 0.301668