CIDErTest5: 0.748013
Bleu_4Test5: 0.235378
Bleu_3Test5: 0.334740
Bleu_2Test5: 0.475191
Bleu_1Test5: 0.656258
ROUGE_LTest5: 0.487156
METEORTest5: 0.226986
CIDErTest40: 0.780105
Bleu_4Test40: 0.459407
Bleu_3Test40: 0.581497
Bleu_2Test40: 0.714548
Bleu_1Test40: 0.838742
ROUGE_LTest40: 0.618805
METEORTest40: 0.301631